1572063030968708603694916910632474819765102262326326145663464628672703659655
10536777498535548795835880232379656342237119245328376553138110986497960146863
12610867358166775881908102071352044795231137057844683821105278247770539351973 3979288860131149966329702879705731691798870824496087216961626597490554503928
17319275241572744365621672173207710689853818345174195208607327718412289680666 6528350448653602671102232915145397944416223593143668404782810443193446619653
1716760126428458866380229529515688095941218259405078923970690756110799300573 1351918570028404753278721045207704333536676613841568623192313192149592547617
20512735082559543934305598281148443960880857145608217560187159780070424813621 17041038213888386991620757348793031574822197832303695149671579304411485662389
11358119622772323565358774881429775068427048467970219992189002113601376083936 18525173395456567978076440515930011000994821215689031925488105726180384220234
2268409476437854138372053413884818183352707471688007682238399085679398863726 2309844253732694704791066007568613689063671787409352137081214548715808974300
19750242343569581199481831280705972817178865370838224116068264847303977164121
14978480798373243318776782242754564463506098653523208739373927238185955441098
11112736972271088064626042478389123429610105562523635017712514209626748302908
19563506534688061377253311239552128095552805832373576978365057523567156178780
